	111D_CAGAGAGG_L001_R1_001	112D_CTCTCTAC_L001_R1_001	121D_GGACTCCT_L001_R1_001	122D_TCCTGAGC_L001_R1_001	311D_TCCTGAGC_L001_R1_001	312D_AGGCAGAA_L001_R1_001	321D_TAAGGCGA_L001_R1_001	322D_CTCTCTAC_L001_R1_001	411D_TAGGCATG_L001_R1_001	412D_GGACTCCT_L001_R1_001	421D_AGGCAGAA_L001_R1_001	422D_CGTACTAG_L001_R1_001	611D_CGTACTAG_L001_R1_001	612D_TAAGGCGA_L001_R1_001	621D_CTCTCTAC_L001_R1_001	622D_TAGGCATG_L001_R1_001
111D_CAGAGAGG_L001_R1_001	0	0.03037660850073607	1.674148139044751	1.5782848358395258	34.64107462235343	34.669445169924444	32.7827394715422	32.789507742315834	46.008926538886726	45.87052309318676	43.68466567999998	43.63892875629264	53.80651019021225	53.62526103294495	52.80649246755337	52.76539831387083
112D_CTCTCTAC_L001_R1_001	0.03037660850073607	0	1.6451933451159146	1.5500018747195528	34.65472714920796	34.68302007225425	32.79891225975147	32.805624200403095	46.02660986569837	45.88818743748291	43.702527388933476	43.65686348483928	53.83442077554	53.65317910558868	52.83397504227893	52.79289503251707
121D_GGACTCCT_L001_R1_001	1.674148139044751	1.6451933451159146	0	0.14325799274586734	35.82686161253973	35.85188965237811	34.07471905612818	34.07919448637486	47.3571426547579	47.21801770905886	45.04045996729945	44.99760606978464	55.47231466470815	55.291168746076345	54.4657065840783	54.424852265874854
122D_TCCTGAGC_L001_R1_001	1.5782848358395258	1.5500018747195528	0.14325799274586734	0	35.82739626135939	35.85282368937056	34.061873905568575	34.0666507173828	47.337177443913085	47.19815030250708	45.01935604270519	44.97609037772313	55.3838061740848	55.20259120821116	54.38099600781023	54.34001878158774
311D_TCCTGAGC_L001_R1_001	34.64107462235343	34.65472714920796	35.82686161253973	35.82739626135939	0	0.10305381090213962	3.7094541522134277	3.642684222894335	12.94633408898294	12.805750935744678	11.031314252935168	11.058576496270934	35.24269546750425	35.12379423799278	33.30544640169991	33.31103809494411
312D_AGGCAGAA_L001_R1_001	34.669445169924444	34.68302007225425	35.85188965237811	35.85282368937056	0.10305381090213962	0	3.8081961117558447	3.7412101036276777	12.97762056101746	12.83723424063364	11.073569972862309	11.101974704764553	35.33487789175968	35.21616022610064	33.39656844714491	33.40226192582657
321D_TAAGGCGA_L001_R1_001	32.7827394715422	32.79891225975147	34.07471905612818	34.061873905568575	3.7094541522134277	3.8081961117558447	0	0.07210793623978136	13.43004831265028	13.287963798599788	11.19501898917725	11.176373787312235	32.64959864231489	32.5200563500776	30.781775625949546	30.78135792317155
322D_CTCTCTAC_L001_R1_001	32.789507742315834	32.805624200403095	34.07919448637486	34.0666507173828	3.642684222894335	3.7412101036276777	0.07210793623978136	0	13.438449396029053	13.296288060437188	11.207618413524415	11.18983826552921	32.714446525048196	32.585030542786406	30.845673964324433	30.845332974520147
411D_TAGGCATG_L001_R1_001	46.008926538886726	46.02660986569837	47.3571426547579	47.337177443913085	12.94633408898294	12.97762056101746	13.43004831265028	13.438449396029053	0	0.14284436365343378	2.346742191717458	2.413695257040334	27.842468411979336	27.777668837017583	25.757358960417857	25.7875706214568
412D_GGACTCCT_L001_R1_001	45.87052309318676	45.88818743748291	47.21801770905886	47.19815030250708	12.805750935744678	12.83723424063364	13.287963798599788	13.296288060437188	0.14284436365343378	0	2.214980370711498	2.284957223017569	27.878268855922617	27.812611868229666	25.793500677692172	25.823368112436135
421D_AGGCAGAA_L001_R1_001	43.68466567999998	43.702527388933476	45.04045996729945	45.01935604270519	11.031314252935168	11.073569972862309	11.19501898917725	11.207618413524415	2.346742191717458	2.214980370711498	0	0.13772657916469902	27.627619134266723	27.548508254698884	25.55583563229489	25.58008686074691
422D_CGTACTAG_L001_R1_001	43.63892875629264	43.65686348483928	44.99760606978464	44.97609037772313	11.058576496270934	11.101974704764553	11.176373787312235	11.18983826552921	2.413695257040334	2.284957223017569	0.13772657916469902	0	27.502648394977125	27.42318983757004	25.431406040081594	25.455503411953963
611D_CGTACTAG_L001_R1_001	53.80651019021225	53.83442077554	55.47231466470815	55.3838061740848	35.24269546750425	35.33487789175968	32.64959864231489	32.714446525048196	27.842468411979336	27.878268855922617	27.627619134266723	27.502648394977125	0	0.1843297182462914	2.085995018891746	2.0549061789905236
612D_TAAGGCGA_L001_R1_001	53.62526103294495	53.65317910558868	55.291168746076345	55.20259120821116	35.12379423799278	35.21616022610064	32.5200563500776	32.585030542786406	27.777668837017583	27.812611868229666	27.548508254698884	27.42318983757004	0.1843297182462914	0	2.0329871957740946	1.9965365131897346
621D_CTCTCTAC_L001_R1_001	52.80649246755337	52.83397504227893	54.4657065840783	54.38099600781023	33.30544640169991	33.39656844714491	30.781775625949546	30.845673964324433	25.757358960417857	25.793500677692172	25.55583563229489	25.431406040081594	2.085995018891746	2.0329871957740946	0	0.07089750786302552
622D_TAGGCATG_L001_R1_001	52.76539831387083	52.79289503251707	54.424852265874854	54.34001878158774	33.31103809494411	33.40226192582657	30.78135792317155	30.845332974520147	25.7875706214568	25.823368112436135	25.58008686074691	25.455503411953963	2.0549061789905236	1.9965365131897346	0.07089750786302552	0
